+-------+-----+-----+-----+-----+-----+--------+----------------------------------------------+-------+--------+----------+-------+-------+--------+--------+--------+------------+------------+-------------+------------+
| COUNT | 1XX | 2XX | 3XX | 4XX | 5XX | METHOD |                     URI                      |  MIN  |  MAX   |   SUM    |  AVG  |  P90  |  P95   |  P99   | STDDEV | MIN(BODY)  | MAX(BODY)  |  SUM(BODY)  | AVG(BODY)  |
+-------+-----+-----+-----+-----+-----+--------+----------------------------------------------+-------+--------+----------+-------+-------+--------+--------+--------+------------+------------+-------------+------------+
| 1     | 0   | 1   | 0   | 0   | 0   | GET    | /index.html                                  | 0.000 | 0.000  | 0.000    | 0.000 | 0.000 | 0.000  | 0.000  | 0.000  | 479.000    | 479.000    | 479.000     | 479.000    |
| 1     | 0   | 1   | 0   | 0   | 0   | GET    | /js/chunk-vendors.40ff55a3.js                | 0.000 | 0.000  | 0.000    | 0.000 | 0.000 | 0.000  | 0.000  | 0.000  | 131543.000 | 131543.000 | 131543.000  | 131543.000 |
| 2     | 0   | 2   | 0   | 0   | 0   | GET    | /css/app.83b4c321.css                        | 0.000 | 0.000  | 0.000    | 0.000 | 0.000 | 0.000  | 0.000  | 0.000  | 4868.000   | 4868.000   | 9736.000    | 4868.000   |
| 2     | 0   | 2   | 0   | 0   | 0   | GET    | /js/app.3a4ec98c.js                          | 0.000 | 0.000  | 0.000    | 0.000 | 0.000 | 0.000  | 0.000  | 0.000  | 33296.000  | 33296.000  | 66592.000   | 33296.000  |
| 1     | 0   | 1   | 0   | 0   | 0   | GET    | /img/isuports_light.svg                      | 0.000 | 0.000  | 0.000    | 0.000 | 0.000 | 0.000  | 0.000  | 0.000  | 1748.000   | 1748.000   | 1748.000    | 1748.000   |
| 1     | 0   | 1   | 0   | 0   | 0   | GET    | /admin/                                      | 0.000 | 0.000  | 0.000    | 0.000 | 0.000 | 0.000  | 0.000  | 0.000  | 479.000    | 479.000    | 479.000     | 479.000    |
| 1     | 0   | 1   | 0   | 0   | 0   | GET    | /favicon.ico                                 | 0.000 | 0.000  | 0.000    | 0.000 | 0.000 | 0.000  | 0.000  | 0.000  | 4286.000   | 4286.000   | 4286.000    | 4286.000   |
| 3     | 0   | 3   | 0   | 0   | 0   | GET    | /api/me                                      | 0.001 | 0.001  | 0.001    | 0.000 | 0.001 | 0.001  | 0.001  | 0.000  | 173.000    | 173.000    | 519.000     | 173.000    |
| 1     | 0   | 1   | 0   | 0   | 0   | GET    | /api/organizer/competitions                  | 0.001 | 0.001  | 0.001    | 0.001 | 0.001 | 0.001  | 0.001  | 0.000  | 177.000    | 177.000    | 177.000     | 177.000    |
| 29    | 0   | 28  | 0   | 1   | 0   | POST   | /api/organizer/competition/[0-9a-z]+/finish  | 0.001 | 0.041  | 0.398    | 0.014 | 0.023 | 0.023  | 0.041  | 0.007  | 21.000     | 39.000     | 627.000     | 21.621     |
| 11    | 0   | 10  | 0   | 1   | 0   | POST   | /api/organizer/player/[0-9a-z]+/disqualified | 0.002 | 0.039  | 0.160    | 0.015 | 0.018 | 0.039  | 0.039  | 0.009  | 39.000     | 163.000    | 1618.000    | 147.091    |
| 22    | 0   | 22  | 0   | 0   | 0   | GET    | /api/organizer/players                       | 0.003 | 0.229  | 0.657    | 0.030 | 0.106 | 0.114  | 0.229  | 0.052  | 3582.000   | 602067.000 | 955220.000  | 43419.091  |
| 85    | 0   | 77  | 0   | 8   | 0   | GET    | /api/player/competitions                     | 0.001 | 0.288  | 3.463    | 0.041 | 0.105 | 0.191  | 0.288  | 0.059  | 39.000     | 2650.000   | 89418.000   | 1051.976   |
| 12    | 0   | 7   | 0   | 5   | 0   | POST   | /api/admin/tenants/add                       | 0.001 | 0.144  | 0.595    | 0.050 | 0.097 | 0.144  | 0.144  | 0.043  | 39.000     | 202.000    | 1511.000    | 125.917    |
| 34    | 0   | 33  | 0   | 1   | 0   | POST   | /api/organizer/competitions/add              | 0.017 | 0.244  | 1.973    | 0.058 | 0.121 | 0.160  | 0.244  | 0.050  | 39.000     | 182.000    | 5450.000    | 160.294    |
| 16    | 0   | 16  | 0   | 0   | 0   | GET    | /api/organizer/billing                       | 0.002 | 0.406  | 1.522    | 0.095 | 0.353 | 0.406  | 0.406  | 0.128  | 323.000    | 3524.000   | 25537.000   | 1596.062   |
| 431   | 0   | 409 | 0   | 22  | 0   | GET    | /api/player/player/[0-9a-z]+                 | 0.001 | 14.576 | 523.245  | 1.214 | 8.058 | 9.809  | 14.485 | 3.295  | 0.000      | 2263.000   | 356178.000  | 826.399    |
| 571   | 0   | 524 | 0   | 47  | 0   | GET    | /api/player/competition/[0-9a-z]+/ranking    | 0.001 | 14.658 | 1157.305 | 2.027 | 9.106 | 11.102 | 14.357 | 3.917  | 0.000      | 14581.000  | 4570658.000 | 8004.655   |
| 1     | 0   | 1   | 0   | 0   | 0   | POST   | /initialize                                  | 2.791 | 2.791  | 2.791    | 2.791 | 2.791 | 2.791  | 2.791  | 0.000  | 55.000     | 55.000     | 55.000      | 55.000     |
| 26    | 0   | 25  | 0   | 1   | 0   | GET    | /api/admin/tenants/billing                   | 0.017 | 25.809 | 87.712   | 3.374 | 6.371 | 7.241  | 25.809 | 4.763  | 0.000      | 1576.000   | 36254.000   | 1394.385   |
| 48    | 0   | 39  | 0   | 9   | 0   | POST   | /api/organizer/competition/[0-9a-z]+/score   | 0.001 | 14.276 | 174.138  | 3.628 | 9.180 | 10.854 | 14.276 | 3.417  | 0.000      | 62.000     | 2304.000    | 48.000     |
| 9     | 0   | 7   | 0   | 2   | 0   | POST   | /api/organizer/players/add                   | 2.182 | 9.229  | 54.737   | 6.082 | 9.229 | 9.229  | 9.229  | 2.890  | 0.000      | 24252.000  | 121607.000  | 13511.889  |
+-------+-----+-----+-----+-----+-----+--------+----------------------------------------------+-------+--------+----------+-------+-------+--------+--------+--------+------------+------------+-------------+------------+
