+-------+-----+-------+-------+-----+-----+--------+-------------------------------------+-------+-------+---------+-------+-------+-------+-------+--------+-----------+------------+--------------+-----------+
| COUNT | 1XX |  2XX  |  3XX  | 4XX | 5XX | METHOD |                 URI                 |  MIN  |  MAX  |   SUM   |  AVG  |  P90  |  P95  |  P99  | STDDEV | MIN(BODY) | MAX(BODY)  |  SUM(BODY)   | AVG(BODY) |
+-------+-----+-------+-------+-----+-----+--------+-------------------------------------+-------+-------+---------+-------+-------+-------+-------+--------+-----------+------------+--------------+-----------+
| 2     | 0   | 2     | 0     | 0   | 0   | GET    | /apple-touch-icon-180x180.png       | 0.000 | 0.000 | 0.000   | 0.000 | 0.000 | 0.000 | 0.000 | 0.000  | 1020.000  | 1020.000   | 2040.000     | 1020.000  |
| 589   | 0   | 136   | 453   | 0   | 0   | GET    | /client                             | 0.000 | 0.000 | 0.000   | 0.000 | 0.000 | 0.000 | 0.000 | 0.000  | 0.000     | 704.000    | 95744.000    | 162.553   |
| 336   | 0   | 12    | 324   | 0   | 0   | GET    | /owner                              | 0.000 | 0.000 | 0.000   | 0.000 | 0.000 | 0.000 | 0.000 | 0.000  | 0.000     | 704.000    | 8448.000     | 25.143    |
| 5305  | 0   | 1228  | 4077  | 0   | 0   | GET    | /images/.+                          | 0.000 | 0.000 | 0.000   | 0.000 | 0.000 | 0.000 | 0.000 | 0.000  | 0.000     | 549793.000 | 31500460.000 | 5937.881  |
| 923   | 0   | 146   | 777   | 0   | 0   | GET    | /favicon.ico                        | 0.000 | 0.000 | 0.000   | 0.000 | 0.000 | 0.000 | 0.000 | 0.000  | 0.000     | 16958.000  | 2475868.000  | 2682.414  |
| 923   | 0   | 146   | 777   | 0   | 0   | GET    | /favicon-32x32.png                  | 0.000 | 0.000 | 0.000   | 0.000 | 0.000 | 0.000 | 0.000 | 0.000  | 0.000     | 336.000    | 49056.000    | 53.148    |
| 2     | 0   | 2     | 0     | 0   | 0   | GET    | /index.html                         | 0.000 | 0.000 | 0.000   | 0.000 | 0.000 | 0.000 | 0.000 | 0.000  | 704.000   | 704.000    | 1408.000     | 704.000   |
| 2     | 0   | 2     | 0     | 0   | 0   | GET    | /favicon-128x128.png                | 0.000 | 0.000 | 0.000   | 0.000 | 0.000 | 0.000 | 0.000 | 0.000  | 783.000   | 783.000    | 1566.000     | 783.000   |
| 15913 | 0   | 3352  | 12561 | 0   | 0   | GET    | /assets/.+                          | 0.000 | 0.001 | 0.085   | 0.000 | 0.000 | 0.000 | 0.000 | 0.000  | 0.000     | 184569.000 | 51746374.000 | 3251.830  |
| 182   | 0   | 182   | 0     | 0   | 0   | POST   | /api/app/rides/estimated-fare       | 0.001 | 0.018 | 0.810   | 0.004 | 0.008 | 0.009 | 0.016 | 0.003  | 26.000    | 29.000     | 5105.000     | 28.049    |
| 358   | 0   | 358   | 0     | 0   | 0   | GET    | /api/app/rides                      | 0.001 | 0.065 | 2.294   | 0.006 | 0.012 | 0.016 | 0.033 | 0.007  | 12.000    | 2158.000   | 39574.000    | 110.542   |
| 10    | 0   | 10    | 0     | 0   | 0   | POST   | /api/owner/owners                   | 0.006 | 0.009 | 0.067   | 0.007 | 0.007 | 0.009 | 0.009 | 0.001  | 125.000   | 125.000    | 1250.000     | 125.000   |
| 55    | 0   | 55    | 0     | 0   | 0   | POST   | /api/chair/chairs                   | 0.006 | 0.030 | 0.523   | 0.010 | 0.017 | 0.019 | 0.030 | 0.005  | 75.000    | 75.000     | 4125.000     | 75.000    |
| 134   | 0   | 134   | 0     | 0   | 0   | POST   | /api/app/users                      | 0.006 | 0.038 | 2.083   | 0.016 | 0.023 | 0.026 | 0.036 | 0.006  | 86.000    | 86.000     | 11524.000    | 86.000    |
| 660   | 0   | 650   | 0     | 0   | 10  | GET    | /api/internal/matching              | 0.001 | 0.148 | 11.812  | 0.018 | 0.052 | 0.060 | 0.085 | 0.019  | 0.000     | 166.000    | 780.000      | 1.182     |
| 1160  | 0   | 1160  | 0     | 0   | 0   | GET    | /api/chair/notification             | 0.001 | 0.076 | 22.851  | 0.020 | 0.037 | 0.044 | 0.054 | 0.013  | 35.000    | 272.000    | 260694.000   | 224.736   |
| 1665  | 0   | 1665  | 0     | 0   | 0   | GET    | /api/app/notification               | 0.002 | 0.078 | 34.047  | 0.020 | 0.037 | 0.043 | 0.055 | 0.012  | 261.000   | 457.000    | 584644.000   | 351.138   |
| 134   | 0   | 134   | 0     | 0   | 0   | POST   | /api/app/payment-methods            | 0.009 | 0.090 | 3.209   | 0.024 | 0.036 | 0.076 | 0.090 | 0.018  | 0.000     | 0.000      | 0.000        | 0.000     |
| 247   | 0   | 247   | 0     | 0   | 0   | POST   | /api/chair/rides/[0-9A-Z]+/status   | 0.009 | 0.058 | 5.945   | 0.024 | 0.036 | 0.040 | 0.051 | 0.009  | 0.000     | 0.000      | 0.000        | 0.000     |
| 174   | 0   | 174   | 0     | 0   | 0   | POST   | /api/app/rides                      | 0.010 | 0.061 | 4.597   | 0.026 | 0.039 | 0.045 | 0.060 | 0.010  | 51.000    | 53.000     | 9010.000     | 51.782    |
| 21196 | 0   | 21196 | 0     | 0   | 0   | POST   | /api/chair/coordinate               | 0.008 | 0.086 | 567.999 | 0.027 | 0.039 | 0.043 | 0.054 | 0.009  | 29.000    | 29.000     | 614684.000   | 29.000    |
| 14    | 0   | 14    | 0     | 0   | 0   | GET    | /api/owner/sales                    | 0.012 | 0.048 | 0.387   | 0.028 | 0.047 | 0.048 | 0.048 | 0.013  | 400.000   | 9017.000   | 23286.000    | 1663.286  |
| 55    | 0   | 55    | 0     | 0   | 0   | POST   | /api/chair/activity                 | 0.017 | 0.108 | 2.345   | 0.043 | 0.086 | 0.094 | 0.108 | 0.023  | 0.000     | 0.000      | 0.000        | 0.000     |
| 2     | 0   | 2     | 0     | 0   | 0   | GET    | /api/owner/sales?                   | 0.048 | 0.057 | 0.105   | 0.053 | 0.057 | 0.057 | 0.057 | 0.005  | 9183.000  | 9183.000   | 18366.000    | 9183.000  |
| 101   | 0   | 101   | 0     | 0   | 0   | POST   | /api/app/rides/[0-9A-Z]+/evaluation | 0.042 | 0.788 | 8.511   | 0.084 | 0.078 | 0.366 | 0.491 | 0.106  | 30.000    | 30.000     | 3030.000     | 30.000    |
| 352   | 0   | 352   | 0     | 0   | 0   | GET    | /api/app/nearby-chairs              | 0.016 | 0.262 | 32.355  | 0.092 | 0.150 | 0.181 | 0.227 | 0.045  | 42.000    | 895.000    | 55697.000    | 158.230   |
| 326   | 0   | 326   | 0     | 0   | 0   | GET    | /api/owner/chairs                   | 0.166 | 1.980 | 416.832 | 1.279 | 1.654 | 1.735 | 1.844 | 0.278  | 753.000   | 19007.000  | 298976.000   | 917.104   |
| 2     | 0   | 2     | 0     | 0   | 0   | POST   | /api/initialize                     | 2.383 | 2.445 | 4.828   | 2.414 | 2.445 | 2.445 | 2.445 | 0.031  | 17.000    | 17.000     | 34.000       | 17.000    |
+-------+-----+-------+-------+-----+-----+--------+-------------------------------------+-------+-------+---------+-------+-------+-------+-------+--------+-----------+------------+--------------+-----------+
