+-------+-----+-----+------+-----+-----+--------+-------------------------------------+-------+-------+--------+-------+-------+-------+-------+--------+-----------+------------+-------------+-----------+
| COUNT | 1XX | 2XX | 3XX  | 4XX | 5XX | METHOD |                 URI                 |  MIN  |  MAX  |  SUM   |  AVG  |  P90  |  P95  |  P99  | STDDEV | MIN(BODY) | MAX(BODY)  |  SUM(BODY)  | AVG(BODY) |
+-------+-----+-----+------+-----+-----+--------+-------------------------------------+-------+-------+--------+-------+-------+-------+-------+--------+-----------+------------+-------------+-----------+
| 1     | 0   | 1   | 0    | 0   | 0   | GET    | /index.html                         | 0.000 | 0.000 | 0.000  | 0.000 | 0.000 | 0.000 | 0.000 | 0.000  | 704.000   | 704.000    | 704.000     | 704.000   |
| 72    | 0   | 21  | 51   | 0   | 0   | GET    | /client                             | 0.000 | 0.000 | 0.000  | 0.000 | 0.000 | 0.000 | 0.000 | 0.000  | 0.000     | 704.000    | 14784.000   | 205.333   |
| 91    | 0   | 6   | 85   | 0   | 0   | GET    | /owner                              | 0.000 | 0.000 | 0.000  | 0.000 | 0.000 | 0.000 | 0.000 | 0.000  | 0.000     | 704.000    | 4224.000    | 46.418    |
| 1     | 0   | 1   | 0    | 0   | 0   | GET    | /apple-touch-icon-180x180.png       | 0.000 | 0.000 | 0.000  | 0.000 | 0.000 | 0.000 | 0.000 | 0.000  | 1020.000  | 1020.000   | 1020.000    | 1020.000  |
| 1     | 0   | 1   | 0    | 0   | 0   | GET    | /favicon-128x128.png                | 0.000 | 0.000 | 0.000  | 0.000 | 0.000 | 0.000 | 0.000 | 0.000  | 783.000   | 783.000    | 783.000     | 783.000   |
| 162   | 0   | 26  | 136  | 0   | 0   | GET    | /favicon.ico                        | 0.000 | 0.000 | 0.000  | 0.000 | 0.000 | 0.000 | 0.000 | 0.000  | 0.000     | 16958.000  | 440908.000  | 2721.654  |
| 162   | 0   | 26  | 136  | 0   | 0   | GET    | /favicon-32x32.png                  | 0.000 | 0.000 | 0.000  | 0.000 | 0.000 | 0.000 | 0.000 | 0.000  | 0.000     | 336.000    | 8736.000    | 53.926    |
| 650   | 0   | 191 | 459  | 0   | 0   | GET    | /images/.+                          | 0.000 | 0.001 | 0.001  | 0.000 | 0.000 | 0.000 | 0.000 | 0.000  | 0.000     | 549793.000 | 5247328.000 | 8072.812  |
| 2737  | 0   | 595 | 2142 | 0   | 0   | GET    | /assets/.+                          | 0.000 | 0.003 | 0.019  | 0.000 | 0.000 | 0.000 | 0.000 | 0.000  | 0.000     | 184569.000 | 9251308.000 | 3380.091  |
| 45    | 0   | 45  | 0    | 0   | 0   | GET    | /api/app/rides                      | 0.001 | 0.018 | 0.239  | 0.005 | 0.011 | 0.015 | 0.018 | 0.004  | 12.000    | 2158.000   | 8535.000    | 189.667   |
| 5     | 0   | 5   | 0    | 0   | 0   | POST   | /api/owner/owners                   | 0.006 | 0.007 | 0.032  | 0.006 | 0.007 | 0.007 | 0.007 | 0.000  | 125.000   | 125.000    | 625.000     | 125.000   |
| 32    | 0   | 32  | 0    | 0   | 0   | POST   | /api/app/rides/estimated-fare       | 0.001 | 0.027 | 0.214  | 0.007 | 0.016 | 0.022 | 0.027 | 0.007  | 26.000    | 29.000     | 890.000     | 27.812    |
| 21    | 0   | 21  | 0    | 0   | 0   | POST   | /api/chair/chairs                   | 0.006 | 0.011 | 0.153  | 0.007 | 0.008 | 0.008 | 0.011 | 0.001  | 75.000    | 75.000     | 1575.000    | 75.000    |
| 20    | 0   | 20  | 0    | 0   | 0   | POST   | /api/app/users                      | 0.007 | 0.014 | 0.185  | 0.009 | 0.013 | 0.014 | 0.014 | 0.002  | 86.000    | 86.000     | 1720.000    | 86.000    |
| 330   | 0   | 330 | 0    | 0   | 0   | GET    | /api/chair/notification             | 0.001 | 0.124 | 5.043  | 0.015 | 0.034 | 0.043 | 0.114 | 0.020  | 35.000    | 272.000    | 31625.000   | 95.833    |
| 224   | 0   | 224 | 0    | 0   | 0   | GET    | /api/app/notification               | 0.002 | 0.061 | 3.670  | 0.016 | 0.034 | 0.039 | 0.055 | 0.013  | 264.000   | 441.000    | 83445.000   | 372.522   |
| 28    | 0   | 28  | 0    | 0   | 0   | POST   | /api/chair/rides/[0-9A-Z]+/status   | 0.008 | 0.037 | 0.465  | 0.017 | 0.027 | 0.036 | 0.037 | 0.007  | 0.000     | 0.000      | 0.000       | 0.000     |
| 3     | 0   | 3   | 0    | 0   | 0   | GET    | /api/owner/sales                    | 0.008 | 0.035 | 0.052  | 0.017 | 0.035 | 0.035 | 0.035 | 0.012  | 394.000   | 9017.000   | 9812.000    | 3270.667  |
| 690   | 0   | 690 | 0    | 0   | 0   | POST   | /api/chair/coordinate               | 0.007 | 0.134 | 14.144 | 0.020 | 0.032 | 0.037 | 0.115 | 0.014  | 29.000    | 29.000     | 20010.000   | 29.000    |
| 28    | 0   | 28  | 0    | 0   | 0   | POST   | /api/app/rides                      | 0.009 | 0.075 | 0.805  | 0.029 | 0.059 | 0.066 | 0.075 | 0.021  | 51.000    | 52.000     | 1449.000    | 51.750    |
| 1     | 0   | 1   | 0    | 0   | 0   | GET    | /api/owner/sales?                   | 0.039 | 0.039 | 0.039  | 0.039 | 0.039 | 0.039 | 0.039 | 0.000  | 9183.000  | 9183.000   | 9183.000    | 9183.000  |
| 9     | 0   | 9   | 0    | 0   | 0   | POST   | /api/app/rides/[0-9A-Z]+/evaluation | 0.042 | 0.060 | 0.472  | 0.052 | 0.060 | 0.060 | 0.060 | 0.005  | 30.000    | 30.000     | 270.000     | 30.000    |
| 102   | 0   | 94  | 0    | 0   | 8   | GET    | /api/internal/matching              | 0.001 | 0.606 | 6.713  | 0.066 | 0.320 | 0.366 | 0.481 | 0.132  | 0.000     | 166.000    | 1328.000    | 13.020    |
| 20    | 0   | 20  | 0    | 0   | 0   | POST   | /api/app/payment-methods            | 0.007 | 0.147 | 1.400  | 0.070 | 0.131 | 0.134 | 0.147 | 0.059  | 0.000     | 0.000      | 0.000       | 0.000     |
| 21    | 0   | 21  | 0    | 0   | 0   | POST   | /api/chair/activity                 | 0.011 | 0.163 | 1.617  | 0.077 | 0.157 | 0.161 | 0.163 | 0.058  | 0.000     | 0.000      | 0.000       | 0.000     |
| 42    | 0   | 42  | 0    | 0   | 0   | GET    | /api/app/nearby-chairs              | 0.137 | 2.555 | 39.942 | 0.951 | 2.535 | 2.538 | 2.555 | 0.897  | 42.000    | 850.000    | 9376.000    | 223.238   |
| 86    | 0   | 86  | 0    | 0   | 0   | GET    | /api/owner/chairs                   | 0.198 | 2.156 | 92.066 | 1.071 | 1.546 | 2.139 | 2.156 | 0.330  | 728.000   | 19007.000  | 86486.000   | 1005.651  |
| 1     | 0   | 1   | 0    | 0   | 0   | POST   | /api/initialize                     | 2.229 | 2.229 | 2.229  | 2.229 | 2.229 | 2.229 | 2.229 | 0.000  | 17.000    | 17.000     | 17.000      | 17.000    |
+-------+-----+-----+------+-----+-----+--------+-------------------------------------+-------+-------+--------+-------+-------+-------+-------+--------+-----------+------------+-------------+-----------+
