+-------+-----+------+------+-----+-----+--------+-------------------------------------+-------+-------+----------+-------+-------+-------+-------+--------+-----------+------------+-------------+-----------+
| COUNT | 1XX | 2XX  | 3XX  | 4XX | 5XX | METHOD |                 URI                 |  MIN  |  MAX  |   SUM    |  AVG  |  P90  |  P95  |  P99  | STDDEV | MIN(BODY) | MAX(BODY)  |  SUM(BODY)  | AVG(BODY) |
+-------+-----+------+------+-----+-----+--------+-------------------------------------+-------+-------+----------+-------+-------+-------+-------+--------+-----------+------------+-------------+-----------+
| 139   | 0   | 24   | 115  | 0   | 0   | GET    | /favicon-32x32.png                  | 0.000 | 0.000 | 0.000    | 0.000 | 0.000 | 0.000 | 0.000 | 0.000  | 0.000     | 336.000    | 8064.000    | 58.014    |
| 64    | 0   | 19   | 45   | 0   | 0   | GET    | /client                             | 0.000 | 0.000 | 0.000    | 0.000 | 0.000 | 0.000 | 0.000 | 0.000  | 0.000     | 704.000    | 13376.000   | 209.000   |
| 76    | 0   | 6    | 70   | 0   | 0   | GET    | /owner                              | 0.000 | 0.000 | 0.000    | 0.000 | 0.000 | 0.000 | 0.000 | 0.000  | 0.000     | 704.000    | 4224.000    | 55.579    |
| 139   | 0   | 24   | 115  | 0   | 0   | GET    | /favicon.ico                        | 0.000 | 0.000 | 0.000    | 0.000 | 0.000 | 0.000 | 0.000 | 0.000  | 0.000     | 16958.000  | 406992.000  | 2928.000  |
| 1     | 0   | 1    | 0    | 0   | 0   | GET    | /index.html                         | 0.000 | 0.000 | 0.000    | 0.000 | 0.000 | 0.000 | 0.000 | 0.000  | 704.000   | 704.000    | 704.000     | 704.000   |
| 1     | 0   | 1    | 0    | 0   | 0   | GET    | /apple-touch-icon-180x180.png       | 0.000 | 0.000 | 0.000    | 0.000 | 0.000 | 0.000 | 0.000 | 0.000  | 1020.000  | 1020.000   | 1020.000    | 1020.000  |
| 1     | 0   | 1    | 0    | 0   | 0   | GET    | /favicon-128x128.png                | 0.000 | 0.000 | 0.000    | 0.000 | 0.000 | 0.000 | 0.000 | 0.000  | 783.000   | 783.000    | 783.000     | 783.000   |
| 578   | 0   | 173  | 405  | 0   | 0   | GET    | /images/.+                          | 0.000 | 0.004 | 0.005    | 0.000 | 0.000 | 0.000 | 0.000 | 0.000  | 0.000     | 549793.000 | 4800396.000 | 8305.183  |
| 2364  | 0   | 549  | 1815 | 0   | 0   | GET    | /assets/.+                          | 0.000 | 0.011 | 0.043    | 0.000 | 0.000 | 0.000 | 0.000 | 0.000  | 0.000     | 184569.000 | 8543994.000 | 3614.211  |
| 5     | 0   | 5    | 0    | 0   | 0   | POST   | /api/owner/owners                   | 0.006 | 0.009 | 0.037    | 0.007 | 0.009 | 0.009 | 0.009 | 0.001  | 125.000   | 125.000    | 625.000     | 125.000   |
| 22    | 0   | 22   | 0    | 0   | 0   | POST   | /api/chair/chairs                   | 0.006 | 0.094 | 0.259    | 0.012 | 0.009 | 0.020 | 0.094 | 0.018  | 75.000    | 75.000     | 1650.000    | 75.000    |
| 165   | 0   | 157  | 0    | 0   | 8   | GET    | /api/internal/matching              | 0.001 | 0.686 | 6.843    | 0.041 | 0.154 | 0.249 | 0.589 | 0.107  | 0.000     | 166.000    | 1328.000    | 8.048     |
| 18    | 0   | 18   | 0    | 0   | 0   | POST   | /api/app/users                      | 0.006 | 0.160 | 0.800    | 0.044 | 0.111 | 0.160 | 0.160 | 0.047  | 86.000    | 86.000     | 1548.000    | 86.000    |
| 32    | 0   | 32   | 0    | 0   | 0   | POST   | /api/app/rides/estimated-fare       | 0.001 | 0.137 | 1.684    | 0.053 | 0.106 | 0.112 | 0.137 | 0.035  | 26.000    | 29.000     | 882.000     | 27.562    |
| 22    | 0   | 22   | 0    | 0   | 0   | POST   | /api/chair/activity                 | 0.017 | 0.181 | 1.995    | 0.091 | 0.181 | 0.181 | 0.181 | 0.067  | 0.000     | 0.000      | 0.000       | 0.000     |
| 18    | 0   | 18   | 0    | 0   | 0   | POST   | /api/app/payment-methods            | 0.023 | 0.173 | 1.876    | 0.104 | 0.163 | 0.173 | 0.173 | 0.049  | 0.000     | 0.000      | 0.000       | 0.000     |
| 36    | 0   | 36   | 0    | 0   | 0   | GET    | /api/app/rides                      | 0.001 | 0.355 | 4.031    | 0.112 | 0.321 | 0.323 | 0.355 | 0.109  | 12.000    | 2158.000   | 9278.000    | 257.722   |
| 34    | 0   | 34   | 0    | 0   | 0   | POST   | /api/chair/rides/[0-9A-Z]+/status   | 0.040 | 0.297 | 4.569    | 0.134 | 0.237 | 0.290 | 0.297 | 0.068  | 0.000     | 0.000      | 0.000       | 0.000     |
| 7904  | 0   | 7890 | 0    | 14  | 0   | GET    | /api/chair/notification             | 0.004 | 0.557 | 1063.288 | 0.135 | 0.271 | 0.315 | 0.399 | 0.092  | 0.000     | 267.000    | 874709.000  | 110.667   |
| 1     | 0   | 1    | 0    | 0   | 0   | GET    | /api/owner/sales?                   | 0.185 | 0.185 | 0.185    | 0.185 | 0.185 | 0.185 | 0.185 | 0.000  | 9183.000  | 9183.000   | 9183.000    | 9183.000  |
| 28    | 0   | 28   | 0    | 0   | 0   | POST   | /api/app/rides                      | 0.086 | 0.430 | 5.682    | 0.203 | 0.364 | 0.407 | 0.430 | 0.091  | 51.000    | 52.000     | 1447.000    | 51.679    |
| 2086  | 0   | 2086 | 0    | 0   | 0   | POST   | /api/chair/coordinate               | 0.027 | 0.506 | 437.284  | 0.210 | 0.294 | 0.329 | 0.388 | 0.065  | 29.000    | 29.000     | 60494.000   | 29.000    |
| 12    | 0   | 12   | 0    | 0   | 0   | POST   | /api/app/rides/[0-9A-Z]+/evaluation | 0.197 | 0.440 | 3.578    | 0.298 | 0.389 | 0.440 | 0.440 | 0.078  | 30.000    | 30.000     | 360.000     | 30.000    |
| 1749  | 0   | 1741 | 0    | 8   | 0   | GET    | /api/app/notification               | 0.005 | 0.810 | 581.175  | 0.332 | 0.488 | 0.536 | 0.648 | 0.114  | 0.000     | 437.000    | 673466.000  | 385.058   |
| 22    | 0   | 22   | 0    | 0   | 0   | GET    | /api/owner/sales                    | 0.168 | 0.593 | 10.016   | 0.455 | 0.564 | 0.592 | 0.593 | 0.108  | 383.000   | 9017.000   | 18054.000   | 820.636   |
| 1     | 0   | 1    | 0    | 0   | 0   | POST   | /api/initialize                     | 1.854 | 1.854 | 1.854    | 1.854 | 1.854 | 1.854 | 1.854 | 0.000  | 17.000    | 17.000     | 17.000      | 17.000    |
| 71    | 0   | 71   | 0    | 0   | 0   | GET    | /api/owner/chairs                   | 0.161 | 4.211 | 237.422  | 3.344 | 4.001 | 4.059 | 4.211 | 0.574  | 750.000   | 19007.000  | 74008.000   | 1042.366  |
| 33    | 0   | 33   | 0    | 0   | 0   | GET    | /api/app/nearby-chairs              | 1.702 | 4.707 | 130.253  | 3.947 | 4.570 | 4.612 | 4.707 | 0.658  | 42.000    | 759.000    | 10000.000   | 303.030   |
+-------+-----+------+------+-----+-----+--------+-------------------------------------+-------+-------+----------+-------+-------+-------+-------+--------+-----------+------------+-------------+-----------+
